Nombre,EMAIL
TEST 1,juan.perez@example.com
TEST 2,maria.garcia@example.com
TEST 3,carlos.lopez@example.com
TEST 4,laura.martinez@example.com
TEST 5,andres.rodriguez@example.com
TEST 6,ana.moreno@example.com
TEST 7,adm@deur.com.co
TEST 8,valentina.torres@example.com
TEST 9,daniel.gomez@example.com
TEST 10,camila.fernandez@example.com
TEST 11,sebastian.vargas@example.com
TEST 12,isabella.ruiz@example.com
TEST 13,julian.sanchez@example.com
TEST 14,sofia.castillo@example.com
TEST 15,diego.rivera@example.com
TEST 16,manuela.mendoza@example.com
TEST 17,alejandro.ortiz@example.com
TEST 18,sara.herrera@example.com
TEST 19,david.ayala@example.com
TEST 20,paula.molina@example.com
TEST 21,adm@deur.com.co
TEST 22,martina.navarro@example.com
TEST 23,mateo.romero@example.com
TEST 24,antonella.silva@example.com
TEST 25,santiago.ospina@example.com
TEST 26,emilia.delgado@example.com
TEST 27,lucas.palacios@example.com
TEST 28,renata.suarez@example.com
TEST 29,tomás.valencia@example.com
TEST 30,melany.vera@example.com
TEST 31,samuel.espinosa@example.com
TEST 32,luciana.luna@example.com
TEST 33,matias.gallego@example.com
TEST 34,adm@deur.com.co
TEST 35,nicolas.cardenas@example.com
TEST 36,miranda.bustos@example.com
TEST 37,alejo.hoyos@example.com
TEST 38,valeria.murillo@example.com
TEST 39,adm@deur.com.co
TEST 40,julieta.soto@example.com
TEST 41,martin.bonilla@example.com
TEST 42,mariana.mejia@example.com
TEST 43,adm@deur.com.co
TEST 44,abril.nieto@example.com
TEST 45,thiago.ramos@example.com
TEST 46,lucia.beltran@example.com
TEST 47,ian.soler@example.com
TEST 48,adm@deur.com.co
TEST 49,benjamin.sierra@example.com
TEST 50,zahara.martel@example.com
TEST 51,santijordanv@gmail.com
TEST 52,santijordanv@outlook.com
TEST 53,santiago.jordan@correounivalle.edu.co
